# MEME 4.0.0
# Command: ./ProSampler -i data_1.fa -b 3-rd order Markov chain model -o output -d 1 -m -1 -f 200 -k 9 -l 9 -r 2 -p 2 -t 0.01 -w 0.05 -c 1 -z 1.96 -h 0 -P 0.05 -C 1 -R 100000 -s 1.8

# Begin: Mar 30 2022 Wed 21:45:05 EDT
#   End: Mar 30 2022 Wed 21:45:16 EDT

MEME Version 4

ALPHABET= ACGT

Strands: + -

Background letter frequencies (from dataset):
A 0.2394 C 0.2640 G 0.2650 T 0.2316

MOTIF CAGMTCTCGCGAGAKCTG CAGMTCTCGCGAGAKCTG ProSampler

letter-probability matrix: alength= 4 w= 18 nsites= 1512 score= 54.9242 pvalue= 2.4651e-316 padj= 6.9531e-310
0.1488 0.5040 0.1885 0.1587
0.5913 0.1627 0.1429 0.1032
0.1746 0.1528 0.5675 0.1052
0.4206 0.4226 0.0853 0.0714
0.0139 0.0317 0.0139 0.9405
0.0000 1.0000 0.0000 0.0000
0.0000 0.0000 0.0000 1.0000
0.0000 1.0000 0.0000 0.0000
0.0000 0.0000 1.0000 0.0000
0.0000 1.0000 0.0000 0.0000
0.0000 0.0000 1.0000 0.0000
1.0000 0.0000 0.0000 0.0000
0.0000 0.0000 0.9663 0.0337
1.0000 0.0000 0.0000 0.0000
0.0694 0.0833 0.4286 0.4187
0.1071 0.5675 0.1548 0.1706
0.1111 0.1429 0.1587 0.5873
0.1548 0.1825 0.5079 0.1548


MOTIF KGCGACCACACTG CAGTGTGGTCGCM ProSampler

letter-probability matrix: alength= 4 w= 13 nsites= 1449 score= 48.9174 pvalue= 2.4651e-316 padj= 6.9531e-310
0.2112 0.2319 0.2940 0.2629
0.0559 0.0373 0.8737 0.0331
0.0331 0.9669 0.0000 0.0000
0.0000 0.0000 1.0000 0.0000
0.9752 0.0248 0.0000 0.0000
0.0000 1.0000 0.0000 0.0000
0.0000 1.0000 0.0000 0.0000
1.0000 0.0000 0.0000 0.0000
0.0000 1.0000 0.0000 0.0000
0.7640 0.1408 0.0518 0.0435
0.0600 0.9400 0.0000 0.0000
0.0973 0.0497 0.0455 0.8075
0.1304 0.0455 0.7681 0.0559


MOTIF AAGGTGTGAAAAT ATTTTCACACCTT ProSampler

letter-probability matrix: alength= 4 w= 13 nsites= 1230 score= 48.2796 pvalue= 2.4651e-316 padj= 6.9531e-310
0.8122 0.0463 0.0659 0.0756
1.0000 0.0000 0.0000 0.0000
0.0317 0.0000 0.9683 0.0000
0.0000 0.0000 1.0000 0.0000
0.0000 0.0000 0.0000 1.0000
0.0000 0.0000 1.0000 0.0000
0.0000 0.0439 0.0000 0.9561
0.0000 0.0000 1.0000 0.0000
1.0000 0.0000 0.0000 0.0000
0.9537 0.0000 0.0000 0.0463
0.8195 0.0707 0.0634 0.0463
0.7854 0.0439 0.0463 0.1244
0.0976 0.1098 0.0829 0.7098


MOTIF SMCAACAATGGTAGTGTTS SAACACTACCATTGTTGKS ProSampler

letter-probability matrix: alength= 4 w= 19 nsites= 1374 score= 48.2604 pvalue= 2.4651e-316 padj= 6.9531e-310
0.2271 0.3057 0.2576 0.2096
0.2773 0.2511 0.2358 0.2358
0.2358 0.2926 0.2293 0.2424
0.8646 0.0437 0.0328 0.0590
0.8362 0.0349 0.0895 0.0393
0.0328 0.8843 0.0459 0.0371
0.8515 0.0415 0.0153 0.0917
1.0000 0.0000 0.0000 0.0000
0.0000 0.0000 0.0000 1.0000
0.0000 0.0000 0.8406 0.1594
0.0590 0.1026 0.7358 0.1026
0.0000 0.1900 0.0000 0.8100
0.9651 0.0000 0.0000 0.0349
0.0699 0.0000 0.7969 0.1332
0.0000 0.0000 0.0000 1.0000
0.0000 0.0000 1.0000 0.0000
0.0415 0.0437 0.0349 0.8799
0.0371 0.0524 0.0655 0.8450
0.2074 0.2882 0.2948 0.2096


MOTIF MSATTWGCATAT ATATGCWAATSK ProSampler

letter-probability matrix: alength= 4 w= 12 nsites= 1023 score= 44.3321 pvalue= 2.4651e-316 padj= 6.9531e-310
0.2845 0.2786 0.2434 0.1935
0.2287 0.2903 0.2962 0.1848
1.0000 0.0000 0.0000 0.0000
0.0000 0.0000 0.0000 1.0000
0.1584 0.0000 0.0000 0.8416
0.2845 0.0000 0.0000 0.7155
0.1026 0.0000 0.8974 0.0000
0.0000 1.0000 0.0000 0.0000
1.0000 0.0000 0.0000 0.0000
0.0997 0.0000 0.0000 0.9003
1.0000 0.0000 0.0000 0.0000
0.2493 0.2229 0.2111 0.3167


MOTIF RTGACAGCTGTCAY RTGACAGCTGTCAY ProSampler

letter-probability matrix: alength= 4 w= 14 nsites= 921 score= 40.5027 pvalue= 2.4651e-316 padj= 6.9531e-310
0.2508 0.2345 0.3094 0.2052
0.0033 0.0195 0.0130 0.9642
0.0098 0.0163 0.9511 0.0228
0.9577 0.0130 0.0195 0.0098
0.0000 1.0000 0.0000 0.0000
1.0000 0.0000 0.0000 0.0000
0.0000 0.0945 0.8339 0.0717
0.0749 0.8469 0.0782 0.0000
0.0000 0.0000 0.0000 1.0000
0.0000 0.0000 1.0000 0.0000
0.0000 0.0000 0.0000 1.0000
0.0000 1.0000 0.0000 0.0000
1.0000 0.0000 0.0000 0.0000
0.2052 0.3062 0.2313 0.2573


MOTIF GCTCGTAAAAAK MTTTTTACGAGC ProSampler

letter-probability matrix: alength= 4 w= 12 nsites= 618 score= 35.5027 pvalue= 2.4651e-316 padj= 6.9531e-310
0.0631 0.1311 0.6650 0.1408
0.0000 1.0000 0.0000 0.0000
0.0000 0.0000 0.0000 1.0000
0.0000 1.0000 0.0000 0.0000
0.0000 0.0000 1.0000 0.0000
0.0000 0.0000 0.0000 1.0000
1.0000 0.0000 0.0000 0.0000
1.0000 0.0000 0.0000 0.0000
1.0000 0.0000 0.0000 0.0000
1.0000 0.0000 0.0000 0.0000
0.5049 0.1990 0.0971 0.1990
0.2330 0.2087 0.2816 0.2767


MOTIF MCATTGTTWMTGTTK MAACAKWAACAATGK ProSampler

letter-probability matrix: alength= 4 w= 15 nsites= 846 score= 31.9977 pvalue= 2.4651e-316 padj= 6.9531e-310
0.2801 0.5355 0.0851 0.0993
0.0000 1.0000 0.0000 0.0000
1.0000 0.0000 0.0000 0.0000
0.1560 0.0000 0.0496 0.7943
0.0000 0.0000 0.0000 1.0000
0.0000 0.0000 1.0000 0.0000
0.0000 0.0000 0.0000 1.0000
0.0000 0.0000 0.0000 1.0000
0.4149 0.1596 0.1560 0.2695
0.4043 0.3546 0.2411 0.0000
0.1879 0.2199 0.2411 0.3511
0.2092 0.2163 0.3972 0.1773
0.2163 0.2305 0.2270 0.3262
0.2021 0.2057 0.2057 0.3865
0.2128 0.2340 0.2801 0.2730


MOTIF SKHCACTTCCGGGTTGMD HKCAACCCGGAAGTGDMS ProSampler

letter-probability matrix: alength= 4 w= 18 nsites= 525 score= 30.9201 pvalue= 2.4651e-316 padj= 6.9531e-310
0.2286 0.2800 0.3314 0.1600
0.2057 0.1943 0.3143 0.2857
0.2514 0.2743 0.2114 0.2629
0.0971 0.6514 0.0286 0.2229
1.0000 0.0000 0.0000 0.0000
0.0000 1.0000 0.0000 0.0000
0.0000 0.0000 0.0000 1.0000
0.0000 0.0000 0.0000 1.0000
0.0000 1.0000 0.0000 0.0000
0.0000 1.0000 0.0000 0.0000
0.0000 0.0000 1.0000 0.0000
0.0000 0.0000 1.0000 0.0000
0.0857 0.0000 0.9143 0.0000
0.0686 0.0229 0.0286 0.8800
0.1086 0.0400 0.0571 0.7943
0.2057 0.2057 0.3486 0.2400
0.3086 0.2514 0.2057 0.2343
0.2571 0.2057 0.2571 0.2800


MOTIF CATCCAGATGTTC GAACATCTGGATG ProSampler

letter-probability matrix: alength= 4 w= 13 nsites= 270 score= 23.5414 pvalue= 2.4651e-316 padj= 6.9531e-310
0.1222 0.6222 0.0778 0.1778
0.8556 0.0556 0.0222 0.0667
0.0000 0.0000 0.0000 1.0000
0.0000 1.0000 0.0000 0.0000
0.0000 1.0000 0.0000 0.0000
1.0000 0.0000 0.0000 0.0000
0.0000 0.0000 1.0000 0.0000
1.0000 0.0000 0.0000 0.0000
0.0000 0.0000 0.0000 1.0000
0.0000 0.0000 1.0000 0.0000
0.0000 0.0000 0.0000 1.0000
0.0111 0.0222 0.1000 0.8667
0.0667 0.7222 0.1333 0.0778


MOTIF RYTATGCAAAT ATTTGCATARY ProSampler

letter-probability matrix: alength= 4 w= 11 nsites= 498 score= 23.4645 pvalue= 2.4651e-316 padj= 6.9531e-310
0.2651 0.1506 0.4036 0.1807
0.0964 0.4277 0.1867 0.2892
0.0000 0.0000 0.0000 1.0000
1.0000 0.0000 0.0000 0.0000
0.0000 0.0000 0.0000 1.0000
0.0000 0.0000 1.0000 0.0000
0.0000 1.0000 0.0000 0.0000
0.9277 0.0000 0.0000 0.0723
1.0000 0.0000 0.0000 0.0000
0.8253 0.0542 0.0602 0.0602
0.0843 0.0542 0.0783 0.7831


MOTIF YVBGCTCGTAAAAH DTTTTACGAGCVBR ProSampler

letter-probability matrix: alength= 4 w= 14 nsites= 339 score= 18.1289 pvalue= 2.4651e-316 padj= 6.9531e-310
0.1858 0.2655 0.2301 0.3186
0.3363 0.4071 0.2566 0.0000
0.1062 0.3540 0.2743 0.2655
0.0000 0.0000 1.0000 0.0000
0.0000 1.0000 0.0000 0.0000
0.0000 0.0000 0.0000 1.0000
0.0000 1.0000 0.0000 0.0000
0.0000 0.0000 1.0000 0.0000
0.0000 0.0000 0.0000 1.0000
1.0000 0.0000 0.0000 0.0000
0.8230 0.0442 0.0531 0.0796
0.8053 0.0973 0.0442 0.0531
0.7168 0.0796 0.1150 0.0885
0.3186 0.2832 0.1416 0.2566


MOTIF AGGTGTGAAAATGMA TKCATTTTCACACCT ProSampler

letter-probability matrix: alength= 4 w= 15 nsites= 96 score= 10.6853 pvalue= 2.4651e-316 padj= 6.9531e-310
0.7812 0.0938 0.0938 0.0312
0.0938 0.0938 0.7812 0.0312
0.0312 0.0312 0.8750 0.0625
0.0625 0.1250 0.0000 0.8125
0.0312 0.0625 0.9062 0.0000
0.0000 0.0000 0.0000 1.0000
0.0000 0.0000 1.0000 0.0000
1.0000 0.0000 0.0000 0.0000
1.0000 0.0000 0.0000 0.0000
1.0000 0.0000 0.0000 0.0000
1.0000 0.0000 0.0000 0.0000
0.0000 0.0000 0.0000 1.0000
0.0000 0.0000 1.0000 0.0000
0.4375 0.5625 0.0000 0.0000
0.4375 0.1875 0.1562 0.2188


MOTIF TAGTGTTAKG CMTAACACTA ProSampler

letter-probability matrix: alength= 4 w= 10 nsites= 99 score= 9.0187 pvalue= 2.4651e-316 padj= 6.9531e-310
0.1212 0.2121 0.1818 0.4848
1.0000 0.0000 0.0000 0.0000
0.0000 0.0000 1.0000 0.0000
0.0000 0.0000 0.0000 1.0000
0.0000 0.0000 1.0000 0.0000
0.0000 0.0000 0.0000 1.0000
0.0000 0.0000 0.0000 1.0000
1.0000 0.0000 0.0000 0.0000
0.0000 0.0000 0.5455 0.4545
0.0000 0.0000 1.0000 0.0000


MOTIF SAACCGAMTC GAKTCGGTTS ProSampler

letter-probability matrix: alength= 4 w= 10 nsites= 69 score= 8.0423 pvalue= 2.4651e-316 padj= 6.9531e-310
0.1304 0.3043 0.4348 0.1304
1.0000 0.0000 0.0000 0.0000
1.0000 0.0000 0.0000 0.0000
0.0000 1.0000 0.0000 0.0000
0.0000 1.0000 0.0000 0.0000
0.0000 0.0000 1.0000 0.0000
1.0000 0.0000 0.0000 0.0000
0.4783 0.5217 0.0000 0.0000
0.0000 0.0000 0.0000 1.0000
0.0000 1.0000 0.0000 0.0000


MOTIF CATTGTTGGCC GGCCAACAATG ProSampler

letter-probability matrix: alength= 4 w= 11 nsites= 54 score= 7.3653 pvalue= 2.4651e-316 padj= 6.9531e-310
0.1667 0.5000 0.1111 0.2222
1.0000 0.0000 0.0000 0.0000
0.0000 0.0000 0.0000 1.0000
0.0000 0.0000 0.0000 1.0000
0.0000 0.0000 1.0000 0.0000
0.0000 0.0000 0.0000 1.0000
0.0000 0.0000 0.0000 1.0000
0.0000 0.0000 1.0000 0.0000
0.0000 0.0000 1.0000 0.0000
0.0000 1.0000 0.0000 0.0000
0.2222 0.5000 0.1111 0.1667


MOTIF ATACCGCCCT AGGGCGGTAT ProSampler

letter-probability matrix: alength= 4 w= 10 nsites= 45 score= 6.4775 pvalue= 2.4651e-316 padj= 6.9531e-310
1.0000 0.0000 0.0000 0.0000
0.0000 0.0000 0.0000 1.0000
1.0000 0.0000 0.0000 0.0000
0.0000 1.0000 0.0000 0.0000
0.0000 1.0000 0.0000 0.0000
0.0000 0.0000 1.0000 0.0000
0.0000 1.0000 0.0000 0.0000
0.0000 1.0000 0.0000 0.0000
0.0000 1.0000 0.0000 0.0000
0.2000 0.0667 0.2000 0.5333


MOTIF CGTATGTAAAT ATTTACATACG ProSampler

letter-probability matrix: alength= 4 w= 11 nsites= 39 score= 6.3495 pvalue= 2.4651e-316 padj= 6.9531e-310
0.0000 1.0000 0.0000 0.0000
0.0000 0.0000 1.0000 0.0000
0.0000 0.0000 0.0000 1.0000
1.0000 0.0000 0.0000 0.0000
0.0000 0.0000 0.0000 1.0000
0.0000 0.0000 1.0000 0.0000
0.0000 0.0000 0.0000 1.0000
1.0000 0.0000 0.0000 0.0000
1.0000 0.0000 0.0000 0.0000
0.7692 0.0769 0.0769 0.0769
0.1538 0.1538 0.1538 0.5385


MOTIF MATCCGCTTA TAAGCGGATK ProSampler

letter-probability matrix: alength= 4 w= 10 nsites= 39 score= 6.2025 pvalue= 2.4651e-316 padj= 6.9531e-310
0.3846 0.3077 0.0769 0.2308
1.0000 0.0000 0.0000 0.0000
0.0000 0.0000 0.0000 1.0000
0.0000 1.0000 0.0000 0.0000
0.0000 1.0000 0.0000 0.0000
0.0000 0.0000 1.0000 0.0000
0.0000 1.0000 0.0000 0.0000
0.0000 0.0000 0.0000 1.0000
0.0000 0.0000 0.0000 1.0000
1.0000 0.0000 0.0000 0.0000


MOTIF ATAACCCGGAAG CTTCCGGGTTAT ProSampler

letter-probability matrix: alength= 4 w= 12 nsites= 42 score= 6.0691 pvalue= 2.4651e-316 padj= 6.9531e-310
1.0000 0.0000 0.0000 0.0000
0.0000 0.0000 0.0000 1.0000
1.0000 0.0000 0.0000 0.0000
1.0000 0.0000 0.0000 0.0000
0.0000 1.0000 0.0000 0.0000
0.0000 1.0000 0.0000 0.0000
0.0000 1.0000 0.0000 0.0000
0.0000 0.0000 1.0000 0.0000
0.0000 0.0000 1.0000 0.0000
0.5714 0.2143 0.0714 0.1429
0.5714 0.1429 0.1429 0.1429
0.2143 0.1429 0.5000 0.1429


MOTIF TAGTGTTTCC GGAAACACTA ProSampler

letter-probability matrix: alength= 4 w= 10 nsites= 36 score= 5.9128 pvalue= 2.4651e-316 padj= 6.9531e-310
0.0833 0.1667 0.1667 0.5833
1.0000 0.0000 0.0000 0.0000
0.0000 0.0000 1.0000 0.0000
0.0000 0.0000 0.0000 1.0000
0.0000 0.0000 1.0000 0.0000
0.0000 0.0000 0.0000 1.0000
0.0000 0.0000 0.0000 1.0000
0.0000 0.0000 0.0000 1.0000
0.0000 1.0000 0.0000 0.0000
0.0000 1.0000 0.0000 0.0000


MOTIF STRGCCCATGAA TTCATGGGCYAS ProSampler

letter-probability matrix: alength= 4 w= 12 nsites= 39 score= 5.7796 pvalue= 2.4651e-316 padj= 6.9531e-310
0.0769 0.3846 0.3077 0.2308
0.0000 0.2308 0.1538 0.6154
0.3846 0.0769 0.3846 0.1538
0.0000 0.0000 1.0000 0.0000
0.0000 1.0000 0.0000 0.0000
0.0000 1.0000 0.0000 0.0000
0.0000 1.0000 0.0000 0.0000
1.0000 0.0000 0.0000 0.0000
0.0000 0.0000 0.0000 1.0000
0.0000 0.0000 1.0000 0.0000
1.0000 0.0000 0.0000 0.0000
1.0000 0.0000 0.0000 0.0000


MOTIF BCGATGACAG CTGTCATCGV ProSampler

letter-probability matrix: alength= 4 w= 10 nsites= 39 score= 5.7796 pvalue= 2.4651e-316 padj= 6.9531e-310
0.0769 0.3077 0.3077 0.3077
0.0000 1.0000 0.0000 0.0000
0.0000 0.0000 1.0000 0.0000
1.0000 0.0000 0.0000 0.0000
0.0000 0.0000 0.0000 1.0000
0.0000 0.0000 1.0000 0.0000
1.0000 0.0000 0.0000 0.0000
0.0000 1.0000 0.0000 0.0000
1.0000 0.0000 0.0000 0.0000
0.0000 0.0000 1.0000 0.0000



Time 11 secs.
